FAEM0_SI1392  [
  38.3508 -31.04889 -10.46319 -9.166661 -11.21832 -1.998706 18.50947 3.447635 6.247802 -5.240968 -4.613481 -14.82306 -12.65495 
  38.3508 -29.88511 -2.339334 -2.430971 -3.292733 2.997344 5.760806 4.51609 14.78675 7.313375 -6.224349 -16.88368 -8.839569 
  35.55492 -29.10926 -6.475115 -10.88974 0.9820554 1.331994 -5.247108 0.9545724 8.887114 10.70892 10.90056 -1.233867 -1.748384 
  34.15698 -34.54022 -9.724657 -12.29954 -6.915251 0.332784 4.41884 12.35143 22.25468 8.768609 3.193038 -3.51431 -2.576352 
  35.08894 -31.04889 -7.361354 -9.166661 -4.361431 -0.6664259 -6.293227 1.666876 8.421352 4.887983 0.962604 -4.996599 -2.024374 
  34.15698 -31.82474 -8.543005 -7.756866 -7.609295 -6.039398 -6.293227 -2.607616 -2.446403 -2.375675 -9.328548 -6.364865 -2.852341 
  35.55492 -37.64362 -3.37328 -7.756866 -4.717663 -0.3333556 -0.278038 5.940697 4.540011 -7.352235 -4.241741 -2.032022 -10.22698 
  34.62296 -32.98852 -7.361354 -7.130289 -0.4428743 -12.07433 -9.562352 -7.959965 -5.343708 0.03720093 3.936516 2.300821 -6.532193 
  34.15698 -32.21267 -11.79255 -12.76947 -0.7991064 -9.589359 -4.331753 -4.03491 -7.049217 -10.06672 -6.596088 -3.51431 -0.0924511 
  33.691 -31.43681 -8.395299 -11.67296 -6.498825 -8.70187 -3.285633 -2.250793 7.179323 -3.1297 -2.754786 -9.671509 -2.944337 
  33.691 -31.43681 -6.031996 -8.540085 3.831915 -0.3333556 -0.9318638 4.51609 -4.309446 -3.1297 -5.480871 2.414844 2.759435 
  35.08894 -29.49719 -2.191628 -5.563849 1.694521 2.997344 5.760806 -1.894642 -3.067417 -1.470848 5.671298 1.958755 3.495405 
  73.81483 -6.267447 -31.44412 -12.92612 -30.29457 -8.70187 -7.339348 -29.83471 19.0736 -12.17799 9.140862 -30.27772 -2.852341 
  85.70953 -3.376078 -31.44412 -6.34707 -27.71104 -25.56418 -2.501043 -29.83471 14.32099 -2.526482 12.66025 -33.88381 3.587401 
  87.22235 -0.1955719 -25.25368 -4.154055 -35.46161 -26.62917 -9.562352 -29.83471 27.82155 -5.090163 14.41995 -42.64145 3.495405 
  83.59159 3.852345 -13.71273 -10.10652 -38.04514 -26.09668 -18.00146 -28.2523 35.77424 -19.87444 14.41995 -35.42928 -1.288403 
  81.17108 3.274071 -7.952179 -11.20303 -31.15574 -29.12618 -13.61607 -23.12495 17.08543 -11.12236 -1.887394 -27.18679 2.943427 
  80.86852 0.9609756 -6.327409 -6.973645 -25.12752 -19.88425 -19.97247 -33.52699 15.89253 -7.653845 4.308255 -32.8535 6.681253 
  78.90186 -1.352119 -2.043922 -4.154055 -22.04541 -7.459383 -13.22377 -26.14242 6.092548 -12.78121 -1.639569 -26.67164 9.628604 
  78.29673 -10.31536 3.780422 -4.78063 -12.74522 -0.3333556 -16.75443 2.023028 2.521714 1.977514 -14.54564 -19.45946 7.270723 
  77.99417 -24.77221 3.395862 -10.10652 3.11945 5.328835 -4.985578 6.653001 -0.4281054 -2.677286 -11.50234 -8.759331 -3.772304 
  77.35931 -29.88511 1.857622 -21.28831 -6.142592 3.330414 -10.73924 0.2422689 -4.775208 -6.296601 -8.893791 -0.4357109 1.195498 
  76.25166 -34.92815 4.549541 -24.7902 -7.748104 -11.89683 -9.954647 10.57067 1.279685 -0.8676281 -7.589518 5.587051 3.771394 
  75.8086 -35.31607 11.08706 -19.97509 -4.717663 -5.506905 -15.44678 7.009152 -3.533178 -5.844187 0.5908651 8.241927 9.628604 
  75.14401 -34.92815 12.24074 -21.72604 0.6258233 -7.814379 -12.83148 2.735331 -6.480713 0.5222791 -0.8960905 -3.058221 6.681253 
  74.70095 -39.97118 8.010582 -29.16757 -16.63186 -8.346874 -18.00146 -7.781553 -9.891727 -1.470848 -10.63282 -4.882576 4.912842 
  73.5933 -42.68666 12.24074 -23.91473 -12.88403 -5.506905 -15.31601 -4.926968 -6.480713 3.917827 -9.328548 -4.654532 -1.012414 
  75.4763 -37.64362 18.3937 -20.85057 -2.936501 -2.997916 -13.22377 -1.53849 1.9007 10.70892 -17.58895 -3.628333 -1.012414 
  74.81171 -41.9108 14.93266 -22.16378 -8.303339 -7.104387 -18.00146 -7.246319 5.471533 0.03720093 -2.754786 4.923332 -5.796223 
  74.70095 -41.13496 15.31722 -23.03925 -10.10785 -17.93177 -26.871 -3.499676 2.521714 6.828296 -3.002612 7.578208 -1.104411 
  74.36865 -39.58325 19.54738 -22.60152 -12.4676 -9.056866 -17.50871 4.51609 2.987475 0.5222791 -8.459034 3.327022 -8.145863 
  74.25789 -38.03155 11.85618 -25.22794 -14.41092 -10.65435 -20.46522 2.735331 -9.891727 -1.320042 -6.472175 2.300821 -3.680307 
  73.81483 -33.76437 6.087781 -20.41283 -13.9945 -8.524372 -25.8855 2.023028 1.124431 1.977514 -3.250437 -5.908776 -1.104411 
  71.26723 -34.15229 5.318662 -19.19187 -7.192869 -6.216896 -30.32027 1.666876 1.279685 -3.582115 -9.328548 -3.286266 -5.796223 
  75.14401 -16.67637 4.549541 -4.467342 -8.16453 -18.10927 -48.5521 -8.31679 -13.87124 -14.28926 -21.50177 -12.76244 -9.18642 
  77.47008 -3.665215 -8.247592 10.471 -15.10497 -27.87166 -46.58109 -9.387259 -4.775208 -19.26582 -11.06758 -15.85337 -2.760344 
  80.56596 -4.243488 -16.66686 13.75384 -32.01691 -27.87166 -41.65356 -20.8056 1.745446 -43.61067 9.140862 -25.64132 -2.852341 
  80.56596 -7.423994 -18.58704 7.188159 -33.73926 -35.04981 -40.17531 -26.66989 5.161026 -50.91413 12.66025 -28.2171 -2.11637 
  80.71724 -5.689173 -18.58704 9.923861 -34.60044 -34.5113 -30.81302 -28.77977 11.52643 -53.95724 11.34048 -31.30803 0.919508 
  80.86852 -7.134857 -17.70081 7.735299 -33.73926 -36.66535 -28.34926 -27.72483 8.266099 -52.73999 6.16695 -35.94443 2.207457 
  80.26339 -5.400036 -18.43934 9.37672 -33.73926 -36.66535 -27.36375 -29.83471 11.37117 -53.95724 3.193038 -32.33834 -0.9204178 
  79.65826 -4.243488 -15.78062 7.188159 -28.57222 -38.8194 -20.46522 -36.6918 15.49489 -48.47964 -1.515656 -25.64132 -7.36016 
  78.14545 -1.352119 -16.81457 5.546737 -27.71104 -36.66535 -20.95797 -41.9665 15.09726 -41.78481 -8.024275 -22.55039 -14.04236 
  75.69784 3.56321 -15.48521 0.07533264 -25.12752 -30.20321 -21.45073 -42.49397 8.73186 -34.48135 -7.154758 -22.03524 -17.85775 
  71.378 8.228247 -11.79255 -9.949881 -25.98869 -25.38669 -17.50871 -39.85662 -5.912212 -38.7417 -5.85261 -11.21697 -24.1011 
  66.6151 6.16544 -2.782454 -12.1429 -12.18998 -28.58767 -10.73924 -16.70214 -19.55626 -39.95895 3.68869 -15.33822 -20.97942 
  64.28904 4.719757 1.857622 -11.51632 -6.637634 -34.5113 -12.70071 -13.84755 -20.69327 -38.7417 1.086517 -27.18679 -19.24516 
  63.84598 4.141479 3.011302 -13.2394 -4.005198 -33.43428 -10.21618 -20.62719 -18.41926 -41.17619 5.671298 -32.33834 -18.2046 
  62.11575 5.587166 7.626021 -20.85057 1.338288 -26.09668 -12.56995 -23.66019 -21.26177 -35.69859 0.09521341 -24.61102 -18.55145 
  61.64977 5.298027 8.010582 -18.40865 -1.511571 -16.86678 -15.70831 -25.08748 -26.37829 -37.52446 2.201735 -23.06555 -19.59201 
  60.25183 6.743713 6.856902 -18.09537 -1.511571 -10.83185 -15.31601 -31.41711 -25.80979 -39.95895 2.821299 -19.97462 -22.01998 
  60.71781 4.719757 9.164262 -21.28831 2.406985 -15.4468 -10.60847 -30.88964 -32.06331 -42.39343 7.034341 -24.09586 -16.12348 
  59.78585 1.828386 13.77898 -21.28831 5.613077 -24.4992 -0.5395679 -39.32915 -38.31683 -36.91584 13.5401 -25.64132 -22.71369 
  63.51369 -1.352119 3.395862 -14.6492 6.325542 -18.81926 2.405892 -22.2329 -13.30274 -37.52446 -11.06758 -21.52008 -10.57383 
  64.7321 -4.532625 -3.077867 -8.853373 4.188148 -7.636881 -1.716453 -9.56567 -2.912164 -17.90857 -8.459034 -16.36853 -8.145863 
  60.25183 -16.96551 -0.5668564 -3.21419 6.325542 -4.663267 1.73491 6.653001 -4.309446 -19.87444 -9.328548 1.388644 2.483446 
  64.7321 -29.10926 -11.05401 -10.7331 -6.142592 -18.64176 -13.35454 -3.321262 -4.775208 -10.66994 -7.154758 -5.452688 -9.533274 
  67.05817 -32.60059 -17.25769 -11.67296 -6.498825 -9.589359 -12.70071 -4.748556 -1.825388 -3.43131 -3.126524 -8.075198 -7.452156 
  68.83041 -29.10926 -14.45126 -10.7331 -7.470486 -2.997916 -5.247108 -8.852024 4.07425 -0.2644081 -6.100436 -4.312466 -9.533274 
  70.04882 -25.06134 -12.53108 -16.68557 -16.90948 -16.68928 -17.01596 -15.98849 0.8139238 6.828296 7.158254 0.5904884 -7.452156 
  71.15647 -26.21789 -13.56502 -20.85057 -6.498825 -7.459383 -8.254703 -9.744082 -3.377925 10.22384 10.90056 3.555066 7.860194 
  72.59641 -23.03739 -11.20172 -15.11913 -6.142592 -11.36434 -9.954647 -6.711084 1.590192 7.798453 0.343039 -2.602133 -1.012414 
  72.26412 -18.98947 -11.64484 -18.72194 -12.32879 -6.216896 -1.454923 -8.31679 8.576607 2.94767 -4.489567 -2.146044 3.587401 
  70.38112 -18.12206 -10.16778 -14.96249 -4.717663 -3.330986 -2.108747 -20.09196 3.763743 -0.4152126 -6.720001 -1.005822 3.035423 
  67.50123 -12.33932 -8.247592 -14.96249 -3.648966 -9.056866 -1.585688 -5.819027 -3.843686 -1.923262 0.09521341 -2.260066 -10.92069 
  71.26723 18.06782 0.3193817 -26.10341 -24.26635 -27.33916 -1.585688 4.51609 -0.1175981 -25.96065 -3.002612 9.569366 -1.840381 
  72.48565 25.28351 -7.213647 -27.41662 -29.43339 -28.58767 6.431788 -8.138378 14.47625 -38.13308 6.910428 13.55168 -3.128329 
  73.81483 26.59545 -13.12191 -29.60531 -25.98869 -30.20321 5.089823 -14.20437 17.08543 -39.35032 10.90056 18.19771 -3.220325 
  74.70095 26.92343 -15.92833 -32.23173 -25.12752 -23.7892 -2.631808 -12.24185 10.90541 -39.35032 15.29979 20.18887 6.681253 
  74.92248 28.56336 -17.99622 -39.67326 -22.46183 -11.36434 -18.98697 -6.354261 7.179323 -42.39343 21.0188 13.55168 17.88119 
  75.14401 26.59545 -16.37145 -44.92611 -19.96327 -0.3333556 -30.81302 -11.34979 15.89253 -41.17619 22.7785 9.569366 17.88119 
  75.4763 26.92343 -22.39655 -45.80158 -18.714 5.994975 -29.33476 -18.48625 17.8807 -35.69859 19.69903 7.578208 17.29172 
  76.14089 25.28351 -22.39655 -47.11479 -15.79901 6.661115 -34.26228 -16.1669 18.27833 -30.82962 23.21842 -2.260066 17.88119 
  77.02702 23.97156 -24.77749 -47.99026 -12.18998 4.995765 -35.74054 -18.30784 15.09726 -19.87444 24.09827 -7.961176 15.52331 
  77.84289 23.31559 -30.49174 -44.92611 -9.552618 -0.3333556 -33.76953 -25.61495 19.47124 -15.34489 24.53819 -5.224643 12.57596 
  78.44801 21.34768 -32.3965 -37.92231 -10.10785 -7.459383 -33.27678 -37.21928 35.77424 -18.21018 29.81728 -8.987375 7.860194 
  79.50699 17.08386 -30.01556 -34.85815 -6.142592 -14.55931 -36.72604 -35.63687 37.76241 -18.05938 31.13705 -10.18666 9.039134 
  79.80955 14.78796 -30.49174 -26.97889 -6.915251 -17.93177 -38.69705 -34.05446 37.76241 -22.30892 36.85606 -16.36853 10.21807 
  78.5993 14.13199 -28.11081 -20.85057 -4.361431 -23.61171 -34.26228 -32.99952 31.40026 -22.91755 29.37735 -12.24729 7.860194 
  75.14401 14.78796 -25.25368 -11.51632 -4.361431 -20.59424 -35.74054 -29.83471 25.43575 -27.17789 21.0188 -6.022799 2.299453 
  68.60888 14.78796 -19.06323 -3.21419 0.6258233 -15.0918 -38.2043 -27.19736 8.110846 -21.09168 8.149557 7.578208 -8.839569 
  60.25183 10.85213 -10.02007 -3.370834 9.887867 -8.879368 -40.17531 -24.73066 1.124431 -14.74167 2.821299 6.914489 -12.3081 
  54.1941 8.884218 0.3193817 -6.817001 7.038007 -7.104387 -32.29128 -13.1339 1.279685 -14.44006 -1.639569 0.7045107 -8.492716 
  58.85389 7.611122 -4.111812 -1.647751 -5.78636 -11.36434 -30.32027 -12.42026 11.06067 -20.48306 2.697386 0.5904884 -2.484355 
  68.27658 2.984932 -2.043922 -2.900902 -5.073895 -15.62429 -34.26228 -10.27932 17.48306 -17.45616 -0.1526127 -10.70182 6.091783 
  69.1627 5.008892 8.395142 -3.527479 -0.7991064 -29.66469 -24.89999 -15.63167 12.30269 -31.43824 6.786514 10.23308 4.912842 
  71.7103 -3.954351 11.47162 -3.057547 -5.78636 -13.67181 -39.1898 -9.922494 2.211206 -18.6626 10.02071 1.616689 8.449664 
  71.26723 -10.89364 14.5481 -3.684122 -10.52428 -2.331776 -45.59558 -2.964439 2.055953 -11.87638 1.458256 -6.022799 13.16543 
  70.71341 -18.12206 20.70106 -6.660357 -10.38547 -0.9994962 -42.14632 -1.53849 -1.825388 -0.7168236 -8.024275 -6.59291 16.11278 
  70.60265 -21.30256 21.08562 -5.250562 -18.43638 -0.3333556 -39.1898 -2.250793 6.247802 -1.169237 -2.011308 -16.88368 8.449664 
  70.82417 -24.48307 19.16282 0.6224731 -12.32879 1.331994 -37.2188 -14.73961 1.9007 0.5222791 3.440864 -10.18666 10.80754 
  70.71341 -20.14602 18.00914 -3.21419 -9.830235 -7.991877 -42.14632 -4.391733 3.453236 1.007357 -11.9371 -15.85337 17.29172 
  71.82106 -9.158815 9.548821 -5.563849 -9.552618 -14.7368 -36.72604 -9.387259 -4.309446 1.007357 -1.515656 -8.873353 17.29172 
  73.261 3.274071 0.3193817 -12.76947 -2.224036 -33.97279 -29.33476 -3.499676 -7.617718 -7.050626 9.580785 -1.233867 7.270723 
  76.69472 9.212204 -14.59897 -6.033782 -9.969044 -37.74237 -22.92898 -12.06343 7.955591 -16.09892 18.81918 -6.934976 10.21807 
  79.80955 5.298027 -24.3013 -0.7078876 -15.38259 -36.12684 -18.98697 -10.10091 21.45941 -14.89248 6.910428 -6.820954 11.39702 
  80.11211 4.719757 -30.96793 -0.5512428 -18.714 -35.58833 -10.47771 -8.138378 25.43575 -14.44006 8.397384 -8.759331 12.57596 
  81.0198 2.695797 -33.82506 2.811035 -22.73945 -29.66469 -10.60847 -11.34979 28.21919 -16.55133 9.140862 -4.426488 7.860194 
  81.32236 0.9609756 -32.3965 1.169614 -19.13042 -34.5113 -2.501043 -18.84307 30.20736 -16.85294 13.5401 -8.075198 12.57596 
  81.77621 -0.4847088 -31.92031 1.169614 -16.21544 -39.35791 3.076875 -24.73066 34.97897 -18.51179 14.41995 -5.56671 7.270723 
  81.17108 0.6718388 -30.96793 -1.491106 -14.27212 -36.12684 -2.501043 -19.02149 28.61682 -12.17799 10.90056 -5.110621 9.628604 
  80.71724 1.828386 -31.44412 -1.177818 -15.52139 -31.81874 -4.200988 -16.52372 23.84521 -7.653845 7.901731 -6.022799 10.21807 
  79.80955 4.430618 -31.92031 -3.99741 -16.21544 -26.27418 -2.631808 -25.61495 27.82155 -4.788553 7.901731 -10.70182 11.39702 
  78.14545 7.032852 -27.63462 -11.35968 -16.63186 -17.39927 -6.293227 -27.19736 19.86887 1.977514 11.7804 -15.85337 10.21807 
  72.92871 7.611122 -20.96798 -15.43242 -20.79613 -14.7368 11.12867 -46.71372 19.86887 3.917827 18.37926 -5.110621 -5.888219 
  57.45596 7.032852 3.395862 -25.66568 7.750472 -11.89683 3.076875 -17.95102 -17.85076 -17.60696 26.73781 7.578208 -1.3804 
  54.1941 2.695797 12.24074 -21.72604 10.2441 -4.996336 -0.5395679 -21.87607 -20.12477 -33.26411 35.53629 24.17118 -7.176167 
  51.39822 -0.1955719 12.6253 -17.93872 12.02526 0.6658543 6.431788 -24.37384 -20.12477 -21.09168 24.53819 17.53399 2.11546 
  47.20441 -4.532625 11.85618 -13.39605 8.819169 6.994185 15.15456 -19.02149 -25.24128 -28.39514 19.25911 20.18887 7.860194 
  40.21471 -12.05018 12.24074 -1.647751 3.11945 3.996555 17.83849 -4.391733 -18.98776 -14.44006 10.02071 9.569366 6.091783 
  36.95286 -19.56774 6.856902 -0.7078876 2.050753 -1.665636 1.73491 1.666876 -2.291149 -4.788553 -7.589518 -3.742354 -10.92069 
  65.39669 -23.32652 -7.656767 -2.274326 -3.648966 -5.329407 -22.92898 -17.41578 7.02407 8.768609 -4.861306 12.22424 7.270723 
  70.15958 -17.83292 -5.145757 -3.840767 -8.442147 -4.663267 -15.18525 -10.99296 11.37117 10.22384 -5.728697 12.22424 7.270723 
  64.84286 14.78796 1.857622 -16.05899 -48.37923 -15.2693 18.50947 -12.95549 -7.049217 -15.19409 10.46063 6.914489 2.299453 
  69.05193 16.0999 -5.293464 -15.90235 -56.1298 -22.90171 27.23225 -25.61495 -3.688432 -7.20143 2.697386 6.914489 7.270723 
  70.60265 15.77192 -9.429244 -13.70934 -60.43567 -27.33916 32.60011 -30.36217 -1.204374 -4.336139 2.697386 6.25077 8.449664 
  71.15647 14.78796 -7.361354 -13.39605 -64.74154 -26.09668 29.91618 -33.52699 4.850519 -4.034529 2.077821 7.578208 3.86339 
  71.15647 15.11595 -8.838418 -10.10652 -65.60271 -29.12618 31.92913 -35.63687 8.576607 -4.185334 -0.4004388 8.241927 3.86339 
  70.71341 16.75588 -7.656767 -11.67296 -66.46388 -26.98417 27.90323 -30.88964 8.576607 -4.788553 -2.011308 6.25077 4.912842 
  70.82417 15.44393 -4.850344 -12.1429 -67.32506 -21.48173 25.89028 -29.30724 7.489831 -5.693382 -2.754786 1.1606 6.091783 
  70.04882 16.42789 -3.668693 -12.61283 -66.46388 -21.48173 27.90323 -31.94458 7.955591 -6.598211 -8.024275 2.414844 2.391449 
  69.38423 17.41185 -2.191628 -15.90235 -60.43567 -21.83673 25.89028 -27.19736 4.695265 -10.21753 -11.50234 3.897133 5.502313 
  69.82729 15.77192 0.7039417 -18.87859 -62.15801 -21.30423 26.56127 -25.61495 -1.204374 -15.19409 -11.06758 11.56052 3.587401 
  68.71964 13.47602 1.473062 -16.99886 -69.04741 -18.99676 29.2452 -26.66989 3.918997 -17.60696 -15.41516 12.88796 7.270723 
  70.60265 12.82005 -3.37328 -23.47699 -69.90858 -14.20431 15.82554 -37.74674 -0.8938663 -21.7003 -8.893791 10.23308 -4.60027 
  64.39981 10.85213 -2.634748 -27.85436 -79.3815 -15.80179 13.8126 -31.41711 -5.343708 -25.35203 2.573473 24.8349 13.7549 
  48.60234 -3.665215 -5.44117 -35.29589 -52.6851 -24.3217 -1.324158 -11.17138 -15.57675 -19.87444 15.29979 46.73763 27.90218 
  41.61265 -18.98947 -10.90631 -31.35626 -32.87809 -13.49432 -3.024103 -16.88055 -9.891727 -5.542578 11.7804 34.79069 16.70225 
  37.41884 -26.50703 -8.395299 -20.85057 -17.04829 -4.330196 -2.370277 -5.819027 -4.775208 -12.32879 6.910428 16.20656 4.912842 
  35.55492 -29.88511 -10.6109 -20.41283 -9.275001 6.661115 3.747858 -5.819027 -2.135895 2.94767 2.945212 11.56052 -9.18642 
  38.81678 -29.10926 -10.46319 -12.45618 -15.10497 13.98866 11.79965 -29.83471 -7.049217 -1.772457 13.10017 14.2154 -5.060252 
  44.87451 -25.63962 -13.12191 -14.33591 -23.71111 2.997344 -5.639402 -31.41711 3.763743 -9.765112 8.397384 4.581265 -10.92069 
  60.25183 -15.80896 -17.40539 -17.1555 -36.32278 -17.93177 1.73491 -45.65878 11.21592 13.13431 13.10017 1.730711 -5.61223 
  70.27035 6.16544 -6.179702 -32.66947 -27.71104 -16.51178 -7.339348 -45.65878 2.832221 5.85814 -10.63282 -9.671509 -10.92069 
  72.48565 11.18012 -8.986125 -35.73363 -29.43339 -13.67181 -20.46522 -45.13131 15.89253 6.828296 7.777819 -4.768554 -16.81719 
  76.47319 2.695797 -2.930161 -18.25201 -24.26635 -16.68928 -8.254703 -38.27422 17.08543 2.462592 0.962604 -11.73213 -5.336241 
  75.14401 4.430618 7.241462 -21.28831 -15.6602 -22.72421 -18.49421 -34.05446 12.76846 15.07463 -1.639569 -16.88368 1.287494 
  72.04259 -3.954351 14.93266 -10.10652 -13.9945 -11.54184 -13.74683 -35.63687 13.54472 6.343218 1.086517 -3.51431 -1.012414 
  71.59953 -20.43515 17.62458 -8.696729 -9.552618 -3.664057 -18.00146 -12.77708 9.508128 10.22384 -8.024275 0.02037811 9.039134 
  71.04571 -33.76437 17.62458 -19.19187 -5.78636 -6.394396 -17.01596 1.666876 -5.912212 0.5222791 -15.84992 -1.689955 8.449664 
  72.81795 -41.13496 21.08562 -15.43242 -1.155339 3.330414 -9.170057 10.57067 -2.446403 -2.074066 -2.259133 7.578208 7.270723 
  72.37489 -43.85043 19.54738 -23.03925 -16.07663 -6.216896 -16.4929 0.9545724 4.540011 -8.407869 -9.328548 -5.680732 -1.012414 
  71.26723 -43.46251 19.54738 -25.66568 -15.6602 -5.329407 -14.40066 -3.856499 -2.601656 -4.185334 -3.002612 -6.136821 -6.440197 
  70.60265 -41.52288 19.54738 -23.47699 -9.552618 1.665064 -13.61607 -1.182338 -2.912164 -6.598211 -2.878699 -5.452688 1.37949 
  70.04882 -41.13496 23.39298 -22.16378 -5.430128 -9.589359 -9.562352 12.70758 0.1929092 -5.090163 -6.100436 7.578208 6.091783 
  69.38423 -44.62629 21.08562 -22.16378 -6.142592 0.9989246 -5.116343 2.735331 -6.480713 -4.939358 -8.024275 -9.21542 -5.888219 
  71.48877 -41.52288 24.1621 -25.66568 -10.94071 1.998134 -10.08541 -9.744082 -0.4281054 -8.257064 -0.6482649 -3.400288 -3.312322 
  72.48565 -42.29873 23.39298 -21.72604 -10.52428 -0.0002857995 -17.01596 -7.959965 -4.4647 -8.407869 -11.50234 -8.645309 6.091783 
  75.58707 -41.13496 13.77898 -17.1555 -6.498825 5.328835 -8.908527 -0.1138829 -5.912212 -10.66994 -11.50234 -6.250843 2.483446 
  77.24854 -37.2557 8.010582 -18.09537 -4.717663 2.331205 -7.862408 7.365304 -7.049217 -2.978895 -4.737393 -6.59291 0.5515232 
  74.70095 -34.15229 13.77898 -8.070153 -2.224036 -5.329407 -28.84201 8.43376 -1.980642 -12.32879 -12.37185 0.7045107 16.11278 
  82.98647 -14.65242 -1.600801 3.358175 -15.24378 -26.09668 -37.2188 -8.31679 -1.514881 -5.542578 -17.15419 -8.18922 2.943427 
  84.49928 -9.447952 -14.00814 17.58383 -28.57222 -21.65923 -23.42174 -25.08748 9.508128 -27.78652 -4.737393 -5.452688 1.103501 
  84.19672 -10.89364 -16.96227 21.41381 -25.98869 -17.75427 -19.97247 -38.27422 12.30269 -34.48135 -4.489567 1.046577 6.091783 
  80.86852 -14.07414 -13.71273 19.22525 -22.87826 -11.18684 -19.47972 -26.66989 2.521714 -22.91755 -14.9804 7.578208 2.851431 
  72.48565 -11.76105 -8.395299 7.735299 -20.10208 -11.89683 -8.385468 -13.49073 -2.135895 -7.804649 -5.604784 3.555066 0.6435194 
  56.52399 -4.243488 -4.702638 17.58383 -11.91237 -9.411861 0.3929446 -4.213322 10.12914 -8.709478 -11.9371 -3.51431 -1.196407 
  52.33018 -6.267447 -7.065941 6.641018 -9.969044 10.99103 1.063927 -9.744082 13.07896 -12.32879 -10.63282 -8.873353 -8.145863 
  56.98997 -18.12206 -25.25368 -5.093918 -25.12752 7.327256 -3.416398 -5.283791 14.6315 -1.470848 -5.604784 -1.005822 -6.3482 
  65.28593 -30.66096 -26.20605 -12.29954 -38.04514 -4.996336 -9.170057 -4.926968 11.52643 0.5222791 -10.63282 -10.18666 -9.18642 
  77.99417 -31.82474 -25.25368 -11.20303 -40.62866 -13.13932 -9.823883 -9.208847 12.76846 -8.257064 -6.100436 -10.18666 -3.220325 
  71.378 -50.8331 -2.191628 -5.720493 -22.18422 4.995765 -18.00146 -10.81455 10.2844 -6.296601 -3.374351 6.25077 -0.7364254 
  74.81171 -52.77272 -3.520986 -6.190426 -19.96327 9.991817 -4.200988 -5.462202 9.508128 -0.1136036 -5.109132 5.587051 -3.496315 
  77.99417 -48.89347 -0.5668564 -4.154055 -22.04541 6.661115 -5.377872 3.091483 15.89253 -11.57477 -7.589518 7.578208 -6.716186 
  80.71724 -47.34177 -1.157682 2.811035 -17.60353 -1.998706 -6.293227 -9.56567 11.52643 1.977514 -3.746089 8.905646 -11.96124 
  81.0198 -46.56591 3.011302 2.263895 -18.99161 -6.749392 -12.83148 -13.84755 5.782041 -5.391772 3.069125 1.958755 -8.145863 
  81.0198 -44.23836 -3.077867 4.999597 -18.8528 -14.38181 -10.47771 1.310724 -1.204374 -22.30892 -2.630873 -2.602133 -18.2046 
  75.4763 -43.46251 -8.986125 9.923861 -2.224036 -10.12185 -13.09301 -2.964439 1.124431 -12.78121 -2.506959 -8.075198 -10.57383 
  77.02702 -12.33932 -10.90631 9.923861 -15.79901 -25.38669 -34.75504 -20.8056 1.590192 -22.30892 -11.06758 -8.987375 -14.73607 
  77.84289 1.539249 -27.63462 11.01814 -33.73926 -25.20919 -27.8565 -47.76866 11.37117 -43.61067 -4.117828 -13.2776 -25.14166 
  76.03013 4.719757 -27.63462 3.905316 -35.46161 -15.0918 -27.8565 -58.84551 7.179323 -46.04516 10.02071 -14.82306 -24.1011 
  74.59019 7.032852 -22.87274 -4.78063 -38.04514 -5.8619 -24.40724 -58.84551 -3.067417 -46.04516 21.89865 -14.82306 -24.1011 
  72.81795 10.19616 -17.10998 -9.949881 -44.93453 -6.394396 -18.98697 -49.87854 -11.02873 -52.73999 19.25911 -4.882576 -21.67313 
  71.15647 14.13199 -14.30356 -11.82961 -49.2404 -14.9143 -12.17765 -42.49397 -17.28226 -58.21759 15.29979 0.2484226 -15.42978 
  71.15647 15.77192 -10.46319 -11.20303 -45.7957 -20.59424 -8.516232 -39.32915 -11.02873 -55.7831 15.29979 1.844733 -10.92069 
  71.59953 17.41185 -10.31548 -11.82961 -41.48983 -20.59424 -9.954647 -37.21928 -11.59723 -52.13137 22.33857 -0.4357109 -4.324282 
  72.81795 19.05177 -14.15585 -15.11913 -40.62866 -18.46426 -6.554758 -40.91156 -12.73424 -53.34861 32.89674 2.75691 -4.692266 
  75.36554 20.36372 -20.01561 -17.1555 -33.73926 -13.31682 -7.731643 -41.43903 -2.912164 -37.52446 34.65644 1.1606 -13.34866 
  78.44801 15.44393 -21.44417 -16.68557 -30.29457 -3.664057 -12.96224 -37.74674 9.19762 -23.52617 29.37735 -15.33822 -16.47034 
  80.26339 12.82005 -22.87274 -11.20303 -26.84987 -13.49432 -21.45073 -28.2523 22.65231 -14.59087 29.81728 -22.03524 -14.73607 
  81.47365 11.5081 -23.82511 -5.250562 -25.98869 -27.87166 -23.91449 -20.98401 32.19553 -17.30535 24.97812 -10.18666 -13.0018 
  81.62493 12.49206 -29.06318 2.811035 -25.12752 -34.5113 -28.34926 -20.09196 37.36478 -17.90857 17.93934 1.046577 -11.26754 
  82.38134 10.52415 -30.01556 7.735299 -25.12752 -37.20386 -29.33476 -22.76813 39.75058 -21.7003 17.93934 4.923332 -7.452156 
  82.6839 9.54019 -31.92031 13.2067 -25.12752 -37.20386 -35.74054 -16.70214 33.38844 -28.39514 21.0188 6.914489 -1.288403 
  82.07877 8.884218 -29.06318 12.65956 -19.26923 -45.28154 -31.30577 -20.27037 31.7979 -28.39514 17.05949 15.54284 -7.799009 
  80.41467 10.52415 -27.63462 14.30098 -16.35425 -45.82005 -34.75504 -17.05896 28.61682 -36.30721 26.73781 8.241927 -1.104411 
  79.50699 9.212204 -21.92036 12.65956 -14.27212 -45.82005 -31.30577 -16.52372 28.21919 -31.43824 17.93934 11.56052 -6.256204 
  78.5993 5.008892 -11.49713 8.82958 -13.9945 -40.97344 -24.40724 -21.87607 37.76241 -44.82792 20.13895 7.578208 -9.18642 
  77.02702 1.828386 -14.89438 22.50809 -11.49594 -37.74237 -20.46522 -17.41578 29.01446 -41.17619 10.90056 1.616689 -1.3804 
  74.14713 -8.291405 -5.884289 23.05523 -6.915251 -22.54672 -25.39274 2.379179 5.316279 -20.48306 -1.391743 5.587051 11.98649 
  75.69784 -23.61566 -3.668693 15.94241 -12.18998 -7.814379 -17.01596 3.447635 7.489831 -5.542578 1.953908 8.241927 -0.0004549026 
  79.50699 -28.82012 -9.133831 0.6224731 -18.29757 -15.97929 -15.44678 6.653001 5.316279 -1.621653 -2.383047 2.528866 -2.852341 
  82.23006 -30.66096 -10.31548 0.07533264 -14.41092 -15.62429 -14.40066 4.51609 -3.377925 -9.161893 -7.589518 -0.2076664 -1.564392 
  82.53262 -34.54022 -12.82649 -1.021175 -16.35425 -6.749392 -3.808693 -4.391733 -1.204374 -17.45616 -21.93653 -14.82306 -10.92069 
  82.23006 -36.09192 -12.67879 -6.190426 -18.8528 -10.83185 -7.862408 -3.321262 -3.998939 -12.02718 -8.024275 -2.032022 -4.140289 
  81.77621 -34.54022 -7.50906 0.6224731 -19.96327 -19.88425 -15.96984 -13.66914 -1.980642 -2.526482 -15.84992 1.958755 0.3675303 
  81.47365 -33.37644 -8.247592 2.263895 -19.40804 -19.52925 -11.2623 -3.499676 11.37117 4.887983 -20.1975 -11.73213 -4.692266 
  79.35571 -36.47985 -11.20172 5.546737 -14.82735 -19.70675 -16.4929 -13.31231 7.02407 -1.923262 -5.604784 -7.505087 -5.980215 
  74.81171 -36.09192 -12.23567 -1.804396 -18.714 -7.991877 -22.43623 -12.24185 7.02407 0.03720093 -10.63282 -0.6637554 4.912842 
  67.16893 -33.37644 -14.45126 1.716754 -24.12754 -19.52925 -13.8776 -14.91802 11.99219 0.03720093 -10.19806 6.25077 8.449664 
  63.04771 -8.869678 -13.41732 0.6224731 -1.155339 -23.9667 -9.954647 -21.51925 17.48306 -1.621653 -9.328548 -6.820954 9.039134 
  63.51369 4.719757 -8.986125 -10.10652 14.16265 -30.74172 -16.62366 -8.495201 16.6878 -13.53523 10.02071 -18.42915 4.912842 
  60.71781 5.876305 -3.077867 -10.41981 9.175402 -27.69416 -14.26989 5.584545 12.14744 -12.93201 25.41804 -24.61102 -4.60027 
  60.71781 6.16544 -3.964106 -12.29954 12.73773 -28.58767 -6.554758 -1.53849 7.645084 -4.336139 28.05758 -28.2171 -11.61439 
  60.25183 7.900261 -2.339334 -17.62543 10.2441 -22.19172 -1.716453 -4.213322 0.03765583 -4.939358 32.89674 -23.06555 -14.38922 
  59.31987 10.85213 -5.293464 -14.17927 0.6258233 -20.59424 5.089823 -1.894642 1.745446 -17.15455 25.85796 -6.706932 -6.164207 
  66.17204 13.47602 -12.82649 -20.41283 -2.936501 -25.38669 2.405892 -4.926968 10.2844 -10.21753 7.653906 -6.934976 9.039134 
  63.84598 15.77192 4.549541 -25.22794 -19.68566 -29.66469 16.49653 -7.246319 9.042367 -15.4957 5.919124 6.25077 -5.980215 
  63.51369 14.13199 9.548821 -26.54115 -21.07374 -28.58767 11.12867 -6.532673 17.48306 -27.17789 16.17964 5.587051 -15.08292 
  62.58173 15.44393 13.39442 -30.91852 -20.10208 -30.74172 13.8126 -10.45773 15.49489 -24.13479 24.09827 -1.803977 -20.97942 
  61.64977 16.75588 14.16354 -30.91852 -17.04829 -33.97279 6.431788 -2.786028 8.887114 -19.87444 25.41804 -6.022799 -15.77663 
  60.71781 19.37976 13.77898 -28.2921 -14.82735 -37.74237 0.3929446 0.2422689 8.266099 -14.74167 11.34048 -3.286266 -3.8643 
  60.25183 21.67566 12.24074 -28.72984 -17.88114 -35.04981 0.3929446 3.091483 2.676968 -21.7003 6.662601 0.1344004 -0.3684402 
  62.11575 23.97156 5.318662 -27.41662 -25.12752 -26.62917 -1.585688 6.653001 1.279685 -33.26411 -2.383047 9.569366 -0.1844473 
  63.95675 24.62753 -2.043922 -24.7902 -22.60064 -22.01422 -3.939458 -0.1138829 -8.186222 -29.00376 2.945212 16.20656 3.127419 
  66.28281 25.61149 -9.57695 -25.66568 -20.24089 -14.20431 -6.162462 -7.42473 -16.14525 -32.04687 15.29979 21.51631 4.912842 
  68.49811 25.93948 -16.81457 -24.35246 -14.27212 -12.07433 -14.13913 -21.69766 -10.46023 -22.91755 17.49941 30.80837 -8.492716 
  71.04571 25.28351 -20.96798 -25.22794 -11.21832 -10.83185 -24.40724 -23.12495 -8.186222 -18.05938 22.33857 26.82606 -4.692266 
  73.81483 22.33163 -24.77749 -20.85057 -13.9945 -7.991877 -33.27678 -29.30724 5.937294 -16.55133 19.69903 22.18003 -8.839569 
  74.81171 23.97156 -31.92031 -19.97509 -12.4676 -12.60683 -24.40724 -40.38409 19.0736 -16.40052 15.73972 19.52515 -10.22698 
  75.25478 24.29955 -33.34887 -23.47699 -8.719765 -15.4468 -21.94348 -41.9665 27.42392 -13.68604 9.016949 13.55168 -9.18642 
  76.14089 23.64358 -34.30125 -26.10341 -6.142592 -16.15679 -20.46522 -43.02143 32.9908 -12.4796 11.34048 3.327022 -4.324282 
  77.35931 22.00365 -33.82506 -30.48078 -4.717663 -15.97929 -19.97247 -41.43903 33.78607 -7.955455 8.025644 4.011154 -6.900178 
  77.6916 22.33163 -33.82506 -33.98268 -1.867804 -17.39927 -17.50871 -41.43903 34.1837 -7.050626 9.016949 1.730711 -7.799009 
  77.84289 21.01969 -30.96793 -35.29589 -3.648966 -16.33429 -19.47972 -35.63687 34.58134 -9.463503 9.140862 2.870933 -6.164207 
  76.25166 22.33163 -26.20605 -38.79779 -2.224036 -14.38181 -21.45073 -26.66989 30.20736 -16.85294 9.580785 7.578208 -12.3081 
  72.15336 23.64358 -18.43934 -37.92231 -3.292733 -8.169376 -10.60847 -23.30337 17.48306 -15.79731 6.662601 14.2154 -23.40739 
  67.16893 8.884218 -9.133831 -23.47699 -8.16453 2.331205 0.3929446 -1.182338 3.142729 -15.94811 0.5908651 2.870933 -3.128329 
  68.05505 -16.38724 -9.872363 -14.80584 -2.936501 -5.684402 -1.716453 3.803787 2.36646 7.313375 4.184341 -4.312466 -3.128329 
  68.83041 -24.77221 -14.74668 -22.60152 -14.41092 -10.65435 -9.039292 -5.283791 -1.514881 6.828296 5.919124 -8.075198 -3.588311 
  74.59019 -18.70033 -19.06323 -24.35246 -18.99161 -11.71934 -11.91612 -4.748556 -3.067417 -0.4152126 7.158254 -8.987375 -1.196407 
  72.70718 -23.32652 -14.15585 -23.47699 -19.82447 -12.96182 -14.13913 -8.495201 -2.291149 1.977514 4.92782 -5.452688 0.3675303 
  65.83975 -32.98852 -10.90631 -17.62543 -17.04829 -9.944355 1.063927 -1.53849 -5.912212 -9.011088 -9.328548 -9.671509 -1.012414 
  64.7321 -40.74703 -11.64484 -23.91473 -8.16453 -13.13932 -11.2623 -12.59867 -16.14525 -7.955455 0.09521341 -9.671509 -3.956296 
  65.83975 -34.54022 -8.247592 -22.16378 -15.79901 -18.28676 -6.947053 -13.1339 -9.323225 -8.558674 -3.870003 -4.312466 0.8275118 
  67.16893 -36.86777 -5.145757 -24.35246 -25.12752 -15.4468 -2.893338 -12.95549 -5.343708 -5.693382 -8.893791 -2.830177 2.575442 
  66.9474 -38.8074 -5.884289 -21.72604 -12.32879 -13.49432 -18.00146 -21.16243 -6.480713 -6.749016 -8.459034 -11.73213 0.6435194 
  68.83041 -39.58325 -7.952179 -26.97889 -20.79613 -15.0918 -12.56995 -20.62719 -7.049217 -3.73292 -6.100436 -1.005822 3.219416 
  69.82729 -36.09192 -2.782454 -20.41283 -14.54973 -5.8619 -14.00836 -9.744082 2.676968 10.22384 -3.993916 -2.602133 1.839472 
  69.38423 -12.91759 0.7039417 -25.66568 -18.714 -10.12185 -8.646997 -3.678087 -5.912212 2.462592 -5.233046 0.3624439 -3.404318 
  79.20442 15.44393 -29.06318 -19.50516 -30.29457 -20.94923 15.15456 -28.2523 11.52643 -8.106259 12.22033 7.578208 -16.12348 
  83.28902 15.11595 -39.06313 -15.58906 -37.18396 -24.4992 25.89028 -32.99952 23.44758 -11.12236 11.7804 7.578208 -25.83537 
  85.25569 11.83609 -42.87263 -17.93872 -37.18396 -21.65923 36.62601 -35.63687 24.64048 -7.653845 9.140862 2.75691 -26.87593 
  84.65057 12.49206 -47.63451 -13.86598 -40.62866 -13.49432 39.98092 -35.63687 19.86887 -4.185334 6.16695 1.274622 -23.06054 
  83.74287 13.804 -49.06308 -13.08276 -37.18396 -11.18684 41.99387 -42.49397 20.2665 -5.391772 7.282166 4.353221 -21.67313 
  83.28902 13.14803 -45.72976 -18.09537 -31.15574 -10.29935 37.96797 -38.80168 14.78675 -1.923262 6.16695 4.923332 -17.85775 
  82.38134 14.45998 -46.20595 -20.41283 -26.84987 -7.104387 29.91618 -34.58193 12.76846 0.5222791 4.432168 6.25077 -18.2046 
  82.07877 14.13199 -45.25357 -21.28831 -23.5723 -5.8619 24.54832 -31.41711 14.16574 -0.5660191 6.414776 4.923332 -17.85775 
  81.92749 14.13199 -45.25357 -21.28831 -22.46183 -3.997127 19.85144 -31.41711 18.67597 -4.939358 9.580785 3.098977 -18.2046 
  81.32236 15.11595 -45.25357 -22.60152 -18.15876 -5.506905 15.82554 -26.66989 13.23421 -0.7168236 7.406079 4.239199 -17.16404 
  81.0198 15.77192 -44.3012 -24.35246 -16.07663 -3.664057 12.47063 -29.30724 18.67597 0.03720093 4.556081 6.25077 -19.59201 
  80.71724 14.78796 -41.92026 -26.10341 -15.6602 -1.332566 10.45768 -33.52699 25.83338 -4.336139 6.662601 4.923332 -18.89831 
  79.35571 16.75588 -42.87263 -24.35246 -16.90948 1.998134 3.747858 -30.88964 25.03811 -3.73292 6.414776 4.239199 -16.12348 
  78.75058 17.08386 -40.96788 -26.97889 -15.24378 2.331205 0.3929446 -28.77977 22.65231 -0.4152126 2.325647 8.905646 -17.16404 
  76.91625 19.70775 -39.06313 -30.48078 -11.91237 -0.3333556 1.73491 -28.77977 18.27833 -1.018433 2.697386 13.55168 -15.42978 
  75.58707 19.70775 -31.92031 -34.85815 -14.13331 0.6658543 0.3929446 -26.14242 16.6878 -6.749016 3.069125 16.87028 -10.57383 
  71.48877 20.03573 -20.96798 -37.04684 -15.10497 -2.664846 -3.285633 -21.51925 15.49489 -10.97155 -1.887394 22.18003 -7.36016 
  65.17516 11.83609 -8.395299 -30.48078 -6.915251 -1.998706 -3.547163 -18.48625 10.12914 -12.93201 -4.861306 15.54284 -2.024374 
  62.11575 8.556232 -6.031996 -26.97889 6.325542 7.993396 -1.977983 -13.1339 -1.825388 -22.91755 -1.887394 21.51631 -7.176167 
  60.71781 10.19616 -5.293464 -27.85436 10.60033 5.328835 -0.5395679 -13.84755 -5.912212 -18.36099 0.2191262 19.52515 -3.128329 
  60.25183 8.556232 0.3193817 -28.72984 9.887867 8.992606 -2.762573 -17.59419 -5.343708 -19.87444 0.5908651 26.82606 -10.92069 
  60.71781 3.274071 1.088502 -17.1555 5.256845 4.662695 7.773753 -17.77261 -16.71375 -12.02718 7.653906 14.2154 -2.852341 
  69.60576 -1.641256 -12.53108 -16.68557 -13.02284 -1.332566 3.747858 -0.1138829 13.69998 9.738766 6.662601 0.02037811 -9.880127 
  70.71341 -5.400036 -20.96798 -5.093918 -10.10785 13.98866 -4.070223 -0.4700347 38.16005 -1.470848 3.193038 -2.032022 -3.312322 
  74.03636 -10.31536 -22.39655 -3.99741 -18.43638 15.65401 7.773753 9.146063 30.60499 -21.09168 0.962604 -0.09364414 2.483446 
  72.92871 -13.20673 -22.87274 2.811035 -17.60353 13.32252 11.79965 15.20064 37.36478 -9.312697 -4.241741 -17.39884 -3.404318 
  72.92871 -15.80896 -20.96798 5.546737 -15.79901 15.32094 19.85144 9.502214 27.42392 -18.6626 -1.143917 -7.277042 10.80754 
  73.81483 -14.94155 -18.58704 11.01814 -15.79901 7.660326 -2.762573 12.35143 36.56951 -15.34489 1.58217 -12.24729 13.16543 
  75.25478 -8.291405 -14.89438 9.37672 -20.93494 9.325676 -7.600878 -1.894642 26.23102 -18.21018 -13.24137 -8.987375 21.41801 
  76.25166 1.539249 -11.34943 -11.20303 -11.49594 -4.663267 -7.208583 -10.99296 26.23102 -8.407869 -19.32798 -12.24729 9.628604 
  79.35571 5.298027 -15.92833 -16.68557 -15.6602 -20.41674 -7.600878 -10.27932 28.21919 -2.526482 -17.15419 -12.24729 10.80754 
  80.56596 5.876305 -16.96227 -14.80584 -21.62898 -28.58767 -7.470113 -15.81008 25.03811 6.343218 -11.06758 -16.88368 12.57596 
  80.11211 8.884218 -22.87274 -8.226797 -25.12752 -29.12618 -12.96224 -21.16243 20.2665 11.67908 -4.737393 -16.36853 11.39702 
  79.20442 7.321987 -19.53942 -8.696729 -19.82447 -31.28023 -9.954647 -31.94458 14.6315 16.52986 -11.50234 -3.51431 2.667439 
  74.92248 8.228247 -10.7586 -12.61283 -8.997383 -31.81874 -13.35454 -37.74674 4.07425 13.61939 -12.37185 -1.119844 7.270723 
  70.27035 -3.954351 8.395142 -15.43242 -3.648966 -12.42933 -30.32027 -21.87607 -16.14525 17.9851 -15.41516 -2.830177 14.93384 
  67.61199 -19.27861 19.93194 -11.35968 -0.4428743 -4.330196 -20.46522 -17.23737 -18.41926 5.85814 -4.365654 3.783111 -5.888219 
  66.39358 -28.82012 22.62386 -14.49256 6.325542 1.665064 -15.96984 -12.42026 -21.83027 3.917827 -5.480871 11.56052 -7.268164 
  67.50123 -31.04889 18.77826 -21.28831 3.831915 -4.330196 -11.39306 1.666876 -13.87124 2.462592 -9.328548 7.578208 -6.072211 
  68.16582 -29.88511 20.3165 -23.91473 0.9820554 -0.3333556 -6.423992 -5.997438 -21.83027 10.70892 -5.233046 3.098977 -4.508274 
  68.83041 -28.24185 22.2393 -11.82961 0.9820554 -3.664057 -8.385468 -2.429205 -18.98776 11.194 -10.63282 0.2484226 5.502313 
  69.27347 -20.43515 24.1621 -14.49256 -2.580268 -10.12185 -12.30842 -5.819027 -20.12477 24.77619 -8.459034 -4.426488 -0.8284216 
  70.49188 -13.49587 13.77898 -18.09537 -14.27212 -8.879368 -30.32027 -9.387259 -25.80979 24.77619 5.671298 -1.347889 -2.11637 
  74.03636 -1.930393 -1.600801 -14.33591 -22.04541 -9.589359 -26.37825 -20.44878 -29.7893 30.59713 -0.8960905 -12.76244 6.681253 
  73.9256 8.228247 -14.15585 -6.503714 -20.79613 -18.28676 -14.26989 -36.16434 -16.14525 21.86572 0.7147779 -3.172244 1.195498 
  69.1627 12.49206 -11.79255 -4.78063 -19.54685 -18.28676 -12.17765 -35.63687 -7.617718 12.16416 5.919124 0.8185329 -2.760344 
  56.05801 8.228247 -4.998051 -1.647751 -13.16165 -11.54184 -1.585688 -26.14242 -15.00825 12.64924 10.02071 -1.119844 -8.145863 
  41.61265 -9.737089 11.47162 7.188159 8.462935 -0.9994962 -11.39306 -6.17585 -14.43974 -10.66994 4.184341 -0.5497332 -6.256204 
  35.55492 -23.61566 6.856902 -1.491106 3.475682 -3.664057 2.405892 -1.53849 -9.891727 -11.72557 -14.11089 -7.505087 -1.104411 
  33.691 -30.66096 -5.588877 -10.26317 -8.858574 -2.331776 -0.9318638 -3.678087 -2.75691 -2.074066 -5.356958 0.1344004 2.11546 
  34.15698 -31.04889 -9.724657 -17.1555 -9.691426 -5.8619 -1.324158 -3.856499 -4.4647 -4.185334 0.8386912 -7.277042 -12.3081 
  35.55492 -27.66358 -6.327409 -9.479949 1.338288 -0.0002857995 4.41884 -5.105379 -2.75691 -7.20143 2.44956 6.914489 -3.220325 
  72.59641 -22.45911 -15.92833 -0.3945999 -13.02284 -18.81926 -9.300822 1.310724 -7.617718 14.10447 -14.11089 4.80931 0.09154129 
  75.58707 -12.62846 -10.16778 -2.430971 -21.49017 -10.29935 -14.00836 -0.1138829 2.211206 9.738766 -8.459034 -2.830177 4.13938 
  69.82729 -14.07414 -17.40539 0.6224731 -9.969044 -19.70675 -7.470113 5.228394 8.110846 -7.050626 -11.50234 -0.09364414 1.747475 
  71.7103 -25.92875 -23.82511 1.716754 -13.9945 -19.88425 -10.08541 5.228394 16.29016 -6.89982 -4.613481 -1.119844 -2.208366 
  73.48254 -25.35048 -23.34892 -5.093918 -25.98869 -6.039398 11.79965 19.83062 23.04994 -13.53523 -18.02371 -13.79275 -4.692266 
  73.37177 -26.21789 -24.77749 -12.61283 -36.32278 -11.89683 1.73491 20.18677 22.65231 -19.87444 -6.720001 -4.768554 -4.508274 
  75.4763 -13.20673 -12.38337 -4.78063 -28.57222 -18.10927 -7.470113 4.51609 15.49489 -18.36099 -8.893791 -8.987375 5.502313 
  81.0198 5.298027 -20.96798 -13.08276 -18.01995 -30.20321 -7.077818 -5.462202 21.85704 -14.74167 -2.630873 -19.45946 7.270723 
  83.74287 7.611122 -33.82506 -6.973645 -14.27212 -51.20517 4.41884 -9.208847 31.40026 -13.68604 -10.19806 -8.873353 -3.312322 
  85.10441 5.298027 -35.72981 -5.877138 -20.79613 -46.35857 2.405892 -6.889496 35.37661 -17.15455 -8.459034 -6.934976 -2.668348 
  84.65057 6.743713 -36.206 -7.130289 -25.12752 -40.43493 -0.4088039 -1.182338 30.20736 -17.30535 -2.630873 -14.30791 2.851431 
  84.49928 4.719757 -34.30125 -9.949881 -25.12752 -38.28088 -1.062628 -5.819027 32.9908 -19.87444 0.343039 -17.39884 -2.760344 
  86.0121 4.141479 -34.77744 -8.383441 -25.12752 -32.89576 -6.423992 -2.250793 32.59317 -23.52617 4.060429 -21.00493 6.091783 
  85.10441 5.298027 -36.206 -8.696729 -21.35136 -39.35791 -2.631808 2.379179 29.80973 -24.13479 -0.02869987 -21.52008 2.667439 
  84.65057 5.298027 -35.72981 -3.527479 -28.57222 -38.28088 -8.516232 3.091483 27.02629 -26.56927 1.829995 -24.09586 0.3675303 
  81.62493 6.743713 -30.01556 -8.383441 -13.71688 -44.74303 -22.43623 2.379179 28.21919 -36.30721 -3.746089 -22.55039 0.919508 
  79.20442 1.828386 -20.4918 -1.647751 -19.68566 -28.04916 -25.39274 2.379179 12.30269 -32.65549 7.529993 -25.12617 -0.7364254 
  74.47942 0.3827019 -15.3375 10.471 -15.6602 -32.89576 -11.2623 8.789911 1.124431 -33.87273 11.7804 -19.45946 -2.944337 
  66.17204 -5.110899 -6.031996 3.905316 -8.997383 -18.81926 -9.431587 18.76216 -12.16574 -19.87444 8.769122 -14.82306 -6.3482 
  50.00028 -21.5917 -8.099886 -1.021175 -6.498825 -9.411861 -7.470113 14.84449 -27.51529 -26.56927 -0.7721777 -7.505087 1.655478 
  40.21471 -32.21267 -10.90631 -3.840767 -0.4428743 -14.55931 -0.5395679 13.41988 -16.14525 -6.89982 16.61957 -4.768554 -6.532193 
  43.94255 -39.97118 -12.9742 2.811035 -15.6602 -6.749392 -3.677928 12.70758 -11.59723 -1.169237 9.580785 -2.032022 4.323372 
  55.12606 -36.09192 -14.45126 2.263895 -21.76779 -4.996336 -4.331753 14.48834 -6.480713 17.50002 11.7804 -1.46191 12.57596 
  63.04771 -39.97118 -17.25769 4.452456 -31.15574 -9.766857 -6.423992 14.48834 -20.69327 4.402905 13.10017 1.730711 9.039134 
  65.83975 -39.97118 -10.16778 10.471 -29.43339 -8.169376 -8.123938 5.584545 -16.71375 13.61939 17.93934 -6.706932 10.21807 
  64.17828 -35.70399 -8.247592 10.471 -29.43339 -13.49432 -1.193393 8.43376 -17.28226 10.22384 11.34048 -17.91399 14.93384 
  62.58173 -19.85688 4.549541 20.31953 -32.87809 -18.46426 -9.823883 7.009152 -9.891727 -7.50304 -0.2765255 -14.82306 -1.288403 
  71.82106 -1.352119 -16.81457 26.33807 -39.76748 -50.12815 -12.30842 -7.067907 -2.75691 -30.82962 -6.720001 -19.97462 -11.26754 
  72.26412 -2.797804 -16.66686 28.52664 -39.76748 -58.74434 -17.01596 -14.02596 -4.619954 -49.08826 -8.024275 -17.91399 -18.55145 
  67.83352 -1.352119 -13.12191 25.24379 -37.18396 -58.74434 -7.339348 -4.391733 -16.14525 -49.69689 -3.622176 -14.30791 -16.81719 
  62.11575 3.852345 -0.4191513 -2.900902 -27.71104 -41.51196 -3.939458 -9.56567 -34.90582 -44.21929 7.034341 -18.42915 -27.91648 
  61.64977 4.719757 3.011302 -11.35968 -20.24089 -42.58898 -4.593283 -5.283791 -41.15934 -44.82792 11.34048 -19.97462 -25.83537 
  62.11575 2.984932 2.626742 -11.35968 -16.90948 -47.9741 -5.508637 -4.926968 -39.45384 -51.52275 13.98002 -21.52008 -28.61019 
  61.18379 4.141479 0.7039417 -9.636593 -15.24378 -47.43559 -14.79295 0.2422689 -36.61133 -53.34861 8.893036 -17.91399 -29.65075 
  60.25183 5.008892 2.242182 -7.756866 -13.30045 -42.05047 -25.8855 4.159938 -27.51529 -55.7831 8.149557 -16.36853 -29.3039 
  62.11575 2.117523 -7.952179 0.6224731 -9.830235 -39.35791 -19.97247 -26.66989 -14.43974 -31.43824 -20.63226 -13.79275 -14.73607 
  66.6151 -0.1955719 -16.51915 11.56528 2.763217 -32.89576 -13.35454 -40.38409 -9.891727 -18.51179 -15.84992 3.441044 -8.839569 
  63.73522 -1.930393 -4.702638 19.22525 -2.224036 -32.89576 -14.26989 -21.34084 2.211206 -24.74341 -26.71887 3.669088 -1.840381 
  70.93494 -25.06134 -12.38337 24.14951 -2.936501 -18.28676 -8.646997 0.2422689 -2.912164 -9.614307 -18.02371 -20.48977 4.047383 
  74.25789 -40.74703 -21.44417 6.641018 -6.142592 -14.7368 -1.585688 -4.748556 -7.049217 -14.13845 -22.80605 -12.24729 -3.312322 
  75.4763 -43.85043 -19.53942 2.811035 -14.54973 -28.04916 -9.039292 -10.63614 0.1929092 -12.4796 -14.9804 7.578208 7.270723 
  75.14401 -47.72969 -11.49713 -2.430971 -16.63186 -4.330196 -3.024103 -4.748556 12.92371 2.462592 -11.06758 4.239199 13.7549 
  76.25166 -50.8331 -18.58704 0.07533264 -16.21544 -16.15679 -1.847218 -17.95102 -6.480713 -6.89982 -20.1975 4.467243 6.681253 
  77.47008 -46.56591 -10.16778 6.641018 -9.136191 -7.459383 -9.823883 -28.2523 -17.28226 -10.36833 -4.241741 10.23308 6.681253 
  78.90186 -45.40214 -9.429244 2.263895 -17.74233 -18.10927 -7.077818 -9.56567 -5.912212 7.798453 0.7147779 -8.873353 -9.18642 
  79.65826 -46.17799 -8.690712 4.452456 -15.10497 -7.281885 6.431788 -2.786028 1.434938 9.253688 2.821299 -10.70182 -13.0018 
  80.11211 -44.62629 -7.804473 0.07533264 -14.54973 -5.8619 2.405892 -11.5282 -0.8938663 4.887983 7.653906 8.905646 -0.3684402 
  80.86852 -42.29873 -5.884289 1.716754 -12.4676 -17.57677 -18.98697 -19.1999 -3.067417 -7.050626 -8.459034 -3.51431 -0.6444292 
  79.35571 -37.2557 -7.952179 6.641018 -13.16165 -13.84931 -19.47972 -6.354261 2.055953 -6.447406 -3.993916 1.1606 0.5515232 
  73.48254 -32.98852 -15.78062 1.716754 -15.52139 -12.78432 -19.47972 -0.1138829 19.0736 1.007357 -3.002612 14.2154 10.80754 
  78.29673 1.828386 -23.34892 1.716754 -16.90948 -27.33916 -29.82751 -14.02596 5.316279 -10.82075 -6.224349 -12.24729 7.270723 
  83.13775 4.719757 -30.96793 5.546737 -31.15574 -39.89642 -26.37825 -23.12495 11.37117 -21.09168 -4.365654 -26.15648 12.57596 
  82.6839 7.321987 -37.63457 9.923861 -37.18396 -32.89576 -17.50871 -16.88055 16.29016 -14.44006 -8.893791 -22.03524 3.311413 
  82.98647 8.884218 -37.15838 8.82958 -40.62866 -31.81874 -16.23137 -12.06343 22.65231 -8.407869 -8.024275 -20.48977 0.6435194 
  82.53262 11.83609 -36.68219 4.452456 -37.18396 -38.28088 -14.00836 -10.99296 27.42392 -2.677286 -9.328548 -19.45946 4.323372 
  82.98647 11.18012 -33.34887 -3.527479 -29.43339 -44.20451 -13.74683 -6.889496 25.03811 2.94767 -11.9371 -17.91399 6.681253 
  82.83518 11.5081 -31.44412 -7.130289 -25.12752 -45.82005 -11.65459 -12.42026 35.77424 -5.240968 -11.9371 -13.2776 4.323372 
  82.53262 10.85213 -28.11081 -12.29954 -20.79613 -46.89708 -13.4853 -5.640614 28.61682 -1.621653 -16.28468 -7.733131 -1.656388 
  82.6839 10.19616 -26.20605 -13.39605 -19.26923 -45.82005 -12.56995 -8.31679 27.02629 2.94767 -20.63226 -6.250843 -1.564392 
  82.07877 10.85213 -24.3013 -16.52893 -13.9945 -53.35922 -5.639402 -11.17138 26.62865 1.977514 -14.9804 -14.30791 5.502313 
  82.83518 8.556232 -24.3013 -11.20303 -22.04541 -47.43559 -7.208583 -14.91802 31.00263 -0.2644081 -12.37185 -15.33822 7.270723 
  82.83518 8.228247 -22.39655 -10.7331 -22.04541 -47.9741 -6.162462 -12.06343 22.65231 8.768609 -15.41516 -11.21697 3.679398 
  82.98647 7.900261 -22.39655 -11.35968 -19.13042 -47.9741 -6.816288 -14.20437 23.84521 9.738766 -12.80661 -12.24729 3.035423 
  81.77621 9.54019 -23.82511 -6.660357 -19.82447 -50.12815 -7.862408 -15.81008 25.03811 8.768609 -10.19806 -12.76244 3.955387 
  81.32236 8.228247 -21.92036 0.07533264 -25.98869 -45.82005 -8.777762 -26.14242 35.37661 -2.978895 -0.4004388 -10.70182 0.919508 
  75.36554 11.5081 -20.01561 6.641018 -27.71104 -39.89642 -11.2623 -29.83471 31.00263 -4.788553 5.051733 -14.82306 6.681253 
  57.92194 9.54019 -4.407225 6.093878 -13.57807 -19.17426 -6.947053 -19.37831 8.887114 5.373061 -5.233046 -14.82306 3.127419 
  48.13636 4.430618 15.70178 7.735299 5.256845 -9.411861 -18.00146 -12.42026 8.73186 8.283531 -1.887394 -12.76244 -3.128329 
  45.34049 1.828386 22.2393 9.37672 1.338288 -10.29935 -16.23137 -13.84755 5.626787 8.768609 -3.002612 -9.671509 -2.760344 
  43.01059 -2.797804 22.2393 11.01814 2.406985 -5.8619 -10.34694 -12.59867 0.9691772 1.007357 -2.135221 -9.329442 -0.0924511 
  42.07863 -10.02623 18.3937 13.75384 12.02526 0.9989246 -17.50871 -14.38278 3.453236 -0.4152126 -6.596088 2.75691 -7.452156 
  73.261 -17.54379 -9.872363 -7.286933 -32.87809 -0.0002857995 -18.00146 -7.959965 -6.480713 -18.6626 -7.589518 -8.873353 2.667439 
  73.70406 -12.62846 -3.668693 -2.744259 -31.15574 -9.766857 -23.42174 -12.24185 -9.323225 -25.35203 -14.11089 -2.830177 20.23907 
  52.33018 -12.33932 5.318662 11.01814 -11.49594 -35.04981 -37.71155 -17.95102 12.76846 -2.375675 4.92782 2.414844 41.46 
  47.67039 -17.54379 -20.01561 -13.86598 -29.43339 -35.58833 -28.34926 -5.105379 14.94201 -9.312697 1.334343 12.22424 22.59695 
  43.01059 -21.88084 -15.92833 -9.323305 -20.10208 -39.35791 -32.78403 -3.678087 8.576607 -7.352235 9.580785 22.18003 27.90218 
  37.41884 -26.21789 -3.37328 -6.817001 -6.142592 -22.90171 -23.91449 -16.88055 -6.480713 1.977514 31.57697 36.11813 13.7549 
  35.08894 -27.0853 -2.487041 -10.41981 -12.4676 -27.87166 -9.431587 -5.640614 0.5034165 1.007357 -8.024275 15.54284 16.11278 
  34.15698 -30.66096 -2.487041 -2.900902 -4.361431 -12.96182 -8.646997 -1.894642 5.626787 -6.447406 -2.011308 1.844733 0.5515232 
  35.55492 -27.95271 -2.782454 -4.310699 -10.38547 -8.169376 -4.200988 -9.922494 -5.343708 -3.280505 11.34048 -0.6637554 2.943427 
  35.55492 -30.27304 -7.952179 -14.96249 -7.886913 -3.997127 -4.070223 4.159938 2.055953 -1.018433 7.406079 6.25077 1.931468 
  34.15698 -30.66096 -4.407225 -13.2394 -10.10785 -6.926889 3.076875 2.735331 -2.135895 -4.939358 -3.622176 -2.488111 -1.196407 
  33.691 -31.82474 -5.293464 -9.793237 -7.748104 -7.991877 -5.900932 1.310724 -3.067417 -4.034529 -4.613481 -3.058221 2.299453 
  33.691 -35.70399 -7.50906 -8.383441 -1.511571 -7.814379 -4.854813 2.379179 3.142729 7.798453 7.529993 2.642888 -4.232285 
  35.08894 -29.88511 -7.065941 -10.41981 -16.07663 -13.49432 -8.123938 0.9545724 -7.617718 -6.447406 0.2191262 -0.2076664 -4.324282 
  56.05801 -23.9048 -13.86044 22.50809 -31.15574 -25.03169 24.54832 -1.894642 16.6878 -21.7003 15.29979 -8.075198 4.047383 
  76.80548 -14.07414 -20.96798 27.9795 -47.51805 -44.74303 14.48358 -20.62719 11.37117 -22.91755 25.85796 -6.478888 -5.796223 
  75.91936 -10.89364 -8.986125 16.48955 -39.76748 -51.20517 15.82554 -21.69766 14.01048 -22.91755 28.49751 -5.794754 -3.312322 
  78.29673 -9.737089 -13.12191 23.05523 -41.48983 -45.82005 15.82554 -14.02596 13.54472 -18.96421 20.57888 -7.277042 -2.024374 
  76.80548 -3.954351 -11.20172 18.13097 -37.18396 -52.2822 17.83849 -20.44878 17.08543 -19.26582 29.37735 -3.856377 -4.968256 
  77.58084 -3.376078 -9.872363 12.11242 -29.43339 -56.05178 16.49653 -21.16243 14.94201 -16.85294 25.41804 1.502666 -8.145863 
  78.44801 -2.21953 -14.59897 12.11242 -25.12752 -62.51392 25.89028 -27.72483 14.01048 -12.4796 21.45872 3.897133 -8.145863 
  79.35571 -1.352119 -19.53942 15.39527 -26.84987 -57.1288 20.52242 -24.01701 15.89253 -18.8134 25.41804 2.528866 -5.888219 
  80.86852 -2.21953 -24.3013 17.58383 -28.57222 -51.20517 14.48358 -21.16243 20.66414 -22.91755 23.65834 3.669088 -4.232285 
  81.62493 -1.062983 -29.06318 16.48955 -25.98869 -51.20517 13.14161 -19.37831 22.25468 -21.09168 17.05949 6.25077 -2.944337 
  82.07877 -0.4847088 -30.01556 12.11242 -21.76779 -50.66666 13.14161 -21.34084 28.61682 -22.91755 12.66025 8.241927 -3.036333 
  82.83518 -0.7738457 -29.53937 5.546737 -16.21544 -49.58964 11.12867 -21.87607 31.7979 -19.26582 4.679994 8.905646 -2.300363 
  82.83518 -0.4847088 -29.06318 2.811035 -15.6602 -42.58898 5.760806 -23.48178 34.97897 -12.6304 -5.85261 11.56052 -0.2764435 
  82.23006 1.539249 -30.01556 2.263895 -17.60353 -33.97279 1.063927 -30.88964 40.14822 -9.463503 -7.589518 8.241927 -0.2764435 
  76.69472 5.008892 -28.58699 4.999597 -20.10208 -27.33916 1.063927 -42.49397 36.56951 -2.074066 -12.80661 8.241927 -2.484355 
  63.84598 2.695797 -4.998051 -1.334463 -3.648966 -28.58767 0.3929446 -21.69766 17.08543 -3.582115 0.5908651 -1.689955 -4.048293 
  63.62445 -0.7738457 -1.157682 -4.78063 2.406985 -31.28023 -0.8010979 -8.138378 11.37117 -3.73292 6.043036 -6.820954 -5.336241 
  61.64977 1.539249 3.011302 -10.88974 5.613077 -33.97279 -1.062628 -4.926968 11.37117 -5.693382 3.069125 -5.794754 -4.324282 
  59.78585 3.274071 6.856902 -13.08276 8.106704 -36.66535 -1.977983 -0.4700347 9.818636 -5.090163 0.2191262 -7.847154 -3.496315 
  56.98997 6.454575 5.318662 -6.190426 6.681774 -41.51196 4.41884 2.379179 2.676968 -2.526482 -0.5243516 -20.48977 9.039134 
  54.1941 3.56321 12.6253 -4.467342 7.394239 -31.81874 1.063927 -1.894642 6.092548 -5.844187 -4.613481 -22.03524 10.21807 
  67.05817 -12.33932 -24.3013 5.546737 4.188148 0.9989246 -2.631808 -9.387259 -6.480713 -5.844187 6.16695 5.587051 6.681253 
  75.36554 -23.03739 -23.34892 -3.684122 -4.005198 0.6658543 -7.600878 -7.959965 -4.775208 0.5222791 8.025644 18.19771 12.57596 
  67.72276 -23.61566 -5.588877 -9.479949 -9.136191 -4.663267 1.063927 2.379179 11.37117 1.977514 4.92782 -2.602133 -9.880127 
  66.6151 -30.66096 -15.48521 -16.37228 -19.26923 -20.06174 -7.208583 -4.926968 -2.75691 -9.312697 -2.259133 -9.329442 -2.944337 
  67.50123 -29.88511 -13.41732 -16.99886 -21.76779 -20.59424 -3.154868 -0.1138829 10.2844 0.5222791 -4.737393 -2.488111 3.86339 
  67.39046 -31.82474 -12.08796 -18.5653 -21.76779 -14.9143 -6.162462 -20.98401 -4.619954 -0.2644081 -1.887394 -23.06555 -13.0018 
  67.61199 -31.43681 -10.6109 -23.03925 -22.46183 -21.83673 -15.57754 -11.17138 2.055953 -5.693382 -2.754786 -10.70182 1.287494 
  69.05193 -29.10926 -11.05401 -19.50516 -14.82735 -13.84931 -5.770167 -15.09643 0.5034165 -4.486943 -2.011308 -1.119844 12.57596 
  68.71964 -28.53099 -8.838418 -17.93872 -18.8528 -12.60683 -0.4088039 -6.354261 6.092548 -7.653845 3.193038 -5.908776 1.839472 
  68.05505 -34.54022 -15.48521 -23.91473 -23.71111 -18.64176 -8.516232 -2.786028 2.521714 0.5222791 2.201735 0.7045107 2.575442 
  68.83041 -30.66096 -13.12191 -19.50516 -11.77356 -15.97929 -18.00146 -1.182338 2.36646 -2.224871 1.458256 -2.032022 4.912842 
  68.27658 -29.49719 -15.1898 -23.91473 -16.21544 -17.93177 -20.46522 -8.673613 -2.601656 -13.38443 -11.50234 -6.934976 -1.932377 
  66.6151 -26.50703 -13.71273 -10.41981 -10.38547 -19.52925 -19.97247 7.365304 1.279685 -15.79731 -11.06758 -10.18666 -2.024374 
  63.95675 -20.43515 -15.1898 -6.660357 -13.71688 -16.51178 -10.87 5.940697 8.576607 -22.30892 -4.365654 -6.706932 4.912842 
  69.82729 -4.821762 -11.34943 24.14951 -10.24666 -38.8194 -9.039292 -14.20437 3.297982 -32.04687 15.73972 7.578208 -9.18642 
  76.69472 0.3827019 -14.45126 31.80948 -14.96616 -46.89708 -13.8776 -20.98401 1.9007 -39.95895 18.81918 1.730711 -2.11637 
  77.02702 0.09356499 -14.30356 32.35662 -13.57807 -52.82071 -2.501043 -24.73066 2.987475 -38.7417 5.299559 -1.689955 -8.839569 
  76.58395 -0.4847088 -12.67879 34.54519 -19.68566 -49.58964 0.3929446 -26.14242 2.36646 -37.52446 7.777819 -2.146044 -7.799009 
  76.80548 -2.508667 -12.38337 33.4509 -17.74233 -50.12815 2.405892 -23.48178 -1.980642 -32.65549 10.46063 -4.084421 -4.784263 
  75.58707 -0.4847088 -12.82649 31.80948 -15.38259 -52.2822 7.773753 -28.77977 0.3481627 -32.04687 13.10017 -6.250843 -1.288403 
  74.70095 0.9609756 -12.82649 29.62092 -12.18998 -54.97475 9.115718 -23.30337 -11.59723 -18.96421 9.140862 -5.338665 -1.564392 
  75.36554 -1.930393 -11.05401 27.9795 -14.68854 -50.66666 3.747858 -21.16243 -8.186222 -18.21018 6.662601 2.75691 -6.624189 
  75.58707 -1.930393 -12.08796 26.88522 -13.85569 -54.97475 7.10277 -26.66989 -2.291149 -19.26582 10.02071 4.581265 -8.145863 
  76.80548 -3.086941 -14.89438 31.26234 -20.65732 -54.43624 3.076875 -30.36217 5.626787 -28.39514 18.81918 5.587051 -5.428237 
  77.6916 -2.508667 -16.81457 31.26234 -21.35136 -55.51327 -5.247108 -28.77977 7.179323 -28.39514 16.17964 13.55168 -5.704226 
  79.05314 -4.243488 -13.86044 25.79093 -19.96327 -54.97475 -13.22377 -29.83471 8.887114 -27.78652 18.81918 12.22424 0.183538 
  79.35571 -2.21953 -15.63291 18.67811 -17.04829 -52.82071 -18.00146 -32.99952 17.08543 -22.30892 6.786514 20.18887 0.919508 
  80.11211 -2.797804 -15.04209 9.37672 -14.54973 -50.66666 -11.78536 -39.32915 26.23102 -17.90857 1.829995 14.2154 2.11546 
  79.80955 -1.352119 -16.07603 0.6224731 -14.27212 -39.89642 -10.87 -39.85662 27.02629 -3.582115 -4.241741 4.467243 0.5515232 
  78.14545 2.695797 -15.92833 -6.973645 -17.04829 -32.35725 -5.247108 -44.60384 19.86887 9.738766 1.334343 -4.312466 -2.760344 
  76.80548 5.876305 -14.30356 -12.76947 -21.49017 -25.38669 -1.716453 -45.13131 10.90541 17.50002 7.777819 -4.882576 -11.96124 
  76.47319 4.719757 -7.952179 -19.19187 -27.71104 -21.48173 5.760806 -45.13131 -0.7386127 22.83588 13.98002 -0.6637554 -17.85775 
  76.25166 5.298027 -5.736583 -23.91473 -32.87809 -18.64176 15.82554 -45.13131 -8.754723 19.92541 18.37926 1.616689 -12.65495 
  75.03325 6.743713 -2.487041 -26.97889 -36.32278 -22.72421 25.89028 -41.9665 -17.28226 23.32096 14.85987 6.914489 -10.22698 
  73.81483 8.884218 -2.043922 -27.41662 -40.62866 -22.01422 25.2193 -35.1094 -15.00825 16.04478 3.68869 17.53399 -5.61223 
  71.378 9.54019 2.626742 -26.10341 -49.2404 -18.10927 25.2193 -31.94458 -12.73424 12.16416 -5.604784 24.8349 -0.0004549026 
  67.83352 11.18012 6.087781 -20.41283 -56.1298 -17.93177 27.23225 -31.94458 -12.73424 12.64924 -8.459034 25.49862 0.5515232 
  65.50745 11.83609 9.548821 -19.97509 -56.99097 -17.93177 21.86439 -20.8056 -11.59723 4.887983 -13.67613 28.81722 -1.012414 
  65.83975 10.85213 11.08706 -15.27577 -62.15801 -16.33429 23.20635 -26.66989 -11.02873 5.85814 -26.28411 24.17118 -1.840381 
  63.04771 12.16407 8.779701 -13.39605 -53.54627 -11.54184 16.49653 -25.08748 -5.343708 2.462592 -34.54451 18.86143 1.103501 
  62.11575 11.5081 7.626021 -10.26317 -55.26862 -10.12185 9.115718 -25.61495 -2.601656 -10.82075 -31.06645 6.25077 6.091783 
  55.12606 0.9609756 21.47018 -6.190426 -38.90631 1.665064 1.73491 -14.20437 -0.1175981 -25.35203 -12.80661 4.353221 5.502313 
  52.79616 -5.689173 24.54666 -8.540085 -30.29457 -1.665636 0.3929446 -3.321262 -7.049217 -25.96065 -13.24137 -10.70182 17.29172 
  49.06833 2.117523 14.93266 -14.17927 -15.6602 -0.6664259 5.089823 -14.20437 -2.291149 -22.91755 -14.9804 0.02037811 11.98649 
  41.14668 -10.89364 7.626021 -9.010016 -4.005198 6.661115 8.444736 -6.889496 -5.343708 -12.4796 -20.1975 2.984955 9.039134 
  37.88482 -17.83292 11.85618 5.546737 8.819169 12.32331 7.773753 -2.250793 0.1929092 -0.7168236 -11.06758 -10.70182 2.943427 
  38.3508 -21.5917 8.779701 6.093878 15.94382 12.65638 9.115718 -5.819027 -2.291149 -6.145797 -14.9804 -8.531287 9.039134 
  35.55492 -24.48307 3.011302 -2.900902 4.54438 6.328045 -3.939458 2.735331 14.16574 -4.185334 -1.143917 1.388644 0.5515232 
  34.62296 -33.37644 -8.838418 -8.696729 -1.511571 -1.332566 -5.639402 -2.250793 -1.359627 -4.034529 -6.720001 0.4764662 4.912842 
  67.16893 -32.98852 -8.247592 -24.35246 -10.66309 -6.216896 -2.370277 15.5568 0.6586704 -2.828091 -12.37185 5.587051 6.681253 
  68.71964 -35.70399 1.473062 -30.91852 -10.52428 -15.2693 -7.862408 7.009152 3.763743 -1.621653 -8.459034 2.072778 8.449664 
  61.64977 -53.9365 7.241462 -34.85815 0.6258233 5.661905 -10.21618 3.447635 -4.309446 3.432749 -1.26783 2.984955 -0.3684402 
  64.84286 -50.8331 10.31794 -29.60531 -5.073895 -1.332566 -9.693117 -3.499676 -9.323225 3.432749 1.706082 0.5904884 -8.492716 
  66.28281 -47.34177 13.77898 -30.91852 -5.430128 -4.996336 -16.75443 8.789911 -12.16574 14.10447 2.325647 2.414844 -9.18642 
  66.83664 -44.62629 13.00986 -35.29589 -14.96616 4.662695 -9.431587 10.21452 -7.617718 12.16416 -20.63226 1.274622 -10.22698 
  68.05505 -43.07458 16.4709 -32.23173 -4.717663 6.994185 -12.43918 2.379179 -13.87124 11.67908 -18.45847 5.587051 -7.799009 
  67.27969 -46.56591 13.77898 -25.66568 -6.142592 10.32489 -25.8855 -1.53849 -7.049217 7.798453 -6.596088 -0.2076664 -0.0004549026 
  66.28281 -46.56591 13.77898 -35.29589 -15.10497 6.661115 -23.42174 0.2422689 -16.71375 0.5222791 -12.80661 1.844733 3.587401 
  64.95363 -47.72969 15.31722 -33.98268 -13.85569 4.995765 -25.8855 7.721456 -9.323225 12.16416 -3.126524 6.914489 6.681253 
  64.95363 -47.72969 15.70178 -35.73363 -13.71688 11.99024 -18.98697 12.35143 -5.912212 6.343218 -0.2765255 5.587051 -5.704226 
  63.95675 -44.62629 11.08706 -23.47699 -18.714 2.331205 -16.75443 12.35143 -8.754723 3.917827 -0.4004388 1.1606 -11.61439 
  63.84598 -47.72969 5.318662 -29.16757 -29.43339 7.660326 -25.39274 0.9545724 -15.57675 5.373061 -0.6482649 -4.084421 -0.6444292 
  63.04771 -40.74703 0.7039417 -23.03925 -32.87809 13.65559 -32.78403 -8.495201 -9.891727 7.798453 9.016949 -4.312466 -8.492716 
  62.11575 -36.47985 -3.225573 -6.660357 -25.12752 12.65638 -26.37825 -7.42473 1.9007 -3.43131 2.077821 -3.400288 2.023464 
  54.1941 -26.21789 0.3193817 -8.853373 -17.04829 15.65401 -3.677928 -14.38278 11.68168 -0.4152126 9.140862 10.8968 -11.96124 
  39.74873 -17.54379 -1.600801 -13.70934 -1.511571 5.994975 1.063927 -12.95549 -11.02873 2.462592 12.66025 7.578208 -2.944337 
  35.08894 -27.66358 -5.44117 -6.660357 2.050753 10.32489 11.79965 5.940697 4.384758 0.5222791 -5.480871 -9.671509 1.747475 
  35.08894 -28.53099 -3.077867 -10.7331 -7.609295 -5.329407 -3.154868 0.2422689 4.07425 -3.43131 -0.5243516 -3.628333 -8.145863 
  34.62296 -32.60059 -4.554931 -15.27577 -6.498825 -4.996336 7.773753 -1.53849 5.782041 3.917827 7.777819 4.125176 1.931468 
  35.08894 -28.82012 -6.622822 -8.696729 -0.08664159 -10.83185 -7.600878 -14.5612 -3.688432 1.492436 3.193038 -9.671509 -5.336241 
  34.62296 -31.43681 -8.247592 -12.45618 -5.073895 -1.332566 5.089823 -5.640614 -4.154193 3.432749 -7.154758 -5.110621 0.919508 
  35.08894 -30.27304 -3.668693 -8.696729 -5.073895 2.664275 -1.716453 -0.4700347 4.850519 -4.939358 4.803906 2.75691 0.5515232 
  36.0209 -27.95271 -6.179702 -11.20303 -7.748104 -6.216896 -4.724048 1.666876 0.8139238 -6.447406 -3.002612 -7.163021 -9.18642 
  36.0209 -25.92875 -4.259519 -11.20303 -12.32879 -9.056866 -10.34694 -7.959965 -0.7386127 -7.804649 -2.135221 1.730711 3.311413 
  36.95286 -28.24185 -7.213647 -11.04639 -10.52428 -7.104387 -1.454923 3.091483 -0.5833588 1.492436 10.02071 -4.654532 -0.4604363 
  39.28276 -29.10926 -9.281537 -9.793237 -10.66309 -0.9994962 -6.162462 -6.354261 -3.688432 6.343218 10.02071 -10.18666 -0.7364254 ]
FAEM0_SI2022  [
  34.80449 -29.97833 -4.928814 -1.610985 4.288604 -5.250145 1.29322 -0.4729522 -6.690794 -3.241283 -4.955883 0.8133316 0.2046065 
  35.04199 -28.81734 -4.269434 -8.063527 -3.532326 1.059261 2.302328 1.211399 -7.967157 -5.488901 3.785252 2.400873 -4.103492 
  35.99202 -28.23685 -3.909206 -12.20536 -12.32242 -8.24148 -12.505 -0.1922271 -1.19038 -0.462936 1.80809 7.200168 -2.39651 
  35.75452 -28.81734 -6.424576 -11.81706 -10.57617 -9.096148 -8.365852 -4.475345 7.075067 6.945991 2.328396 3.200756 -6.697887 
  35.51701 -28.81734 -10.61271 -15.70003 -14.34438 -10.37815 -1.229551 -8.569178 -9.243521 -8.378696 4.201496 -9.55813 -7.993069 
  35.99202 -27.37714 -5.975847 -16.34719 -13.3334 -10.94793 -9.567539 -15.7644 -8.605339 -12.44582 -8.392364 -3.548498 -2.55908 
  36.94205 -25.9443 -7.322031 -10.39331 -9.180776 -17.50038 -11.57035 -4.847511 -2.547393 1.389296 1.183723 9.999757 10.34758 
  37.41706 -23.0786 -2.828523 -13.37025 -9.615273 -2.12267 -13.1726 -12.91112 -8.286249 -4.418608 8.094688 -0.2528934 -3.940922 
  38.3671 -24.79802 -4.629662 -14.53514 -12.04669 -6.389702 -17.71231 -5.964011 -12.75352 -13.40908 11.28807 5.200462 -4.997626 
  38.84211 -28.81734 -9.565674 -18.15924 -11.95478 -4.537922 -15.84302 -3.110733 -1.560474 2.77847 -2.666538 -6.262526 1.911589 
  40.97968 -29.97833 -6.424576 -15.95889 -7.877288 -2.12267 -20.51087 -1.498011 -11.79625 1.389296 -2.770599 4.400579 6.58106 
  41.45469 -32.30031 -8.967369 -9.098986 -8.74628 -1.213547 -22.36941 2.615024 -8.924431 -5.80999 2.848701 -0.05903435 -1.421091 
  42.64223 -31.71982 -8.967369 -14.40571 -3.966822 -6.817035 -23.29868 4.580101 -6.371704 6.945991 7.456011 -7.134892 -6.697887 
  69.88558 -65.38849 -2.468295 -32.72772 -7.008295 -10.2357 10.62747 -4.351289 -3.657677 8.335165 -7.641645 -12.94204 -12.85 
  77.98401 -64.80799 -10.61271 -38.33201 -11.49525 -19.63704 -9.434018 -7.824844 -4.027772 -2.778225 -5.892433 -0.2528934 2.968292 
  79.88626 -60.74453 -16.74533 -34.59582 -14.98773 -14.22415 -2.238659 1.492124 -1.683839 2.77847 -6.100555 -0.4467525 -2.152655 
  73.81911 -56.10058 -22.42922 -31.32665 -13.97675 -11.80259 0.2841114 5.422276 -4.767961 4.167644 -3.70715 1.600991 -2.721649 
  57.85363 -28.81734 -1.387611 -34.12879 -4.835815 11.96874 -11.16979 -0.4729522 -12.11534 6.482933 6.178658 -5.29323 -1.583661 
  65.72067 -20.49948 -5.527119 -40.66713 -1.359846 24.2419 -27.94502 10.1946 -18.81624 25.93137 4.409618 -2.191484 -3.209359 
  56.92809 -20.49948 -13.1555 -23.07767 -0.925349 23.33278 -28.40965 -18.94039 -4.521231 10.65045 0.4552956 -18.15036 -7.993069 
  56.46532 -20.49948 -12.85635 -21.13619 -16.64207 6.968561 -34.4499 -9.437567 6.581607 -1.85211 -10.89476 -18.72906 -11.87861 
  54.61425 -24.79802 -16.74533 -17.64151 -15.44727 11.51418 -40.49015 -0.1922271 19.46692 10.1874 -4.955883 -2.579203 -3.453213 
  53.45734 -23.0786 -21.38219 -19.71243 -17.46924 1.059261 -37.70234 0.9306735 13.07279 -9.66305 -18.40194 -15.25685 -2.152655 
  52.5318 -27.95028 -24.99546 -14.92344 -9.180776 4.241191 -44.20722 -16.96245 18.55347 -4.418608 -8.142124 -14.09944 -6.050297 
